D C 374.9 -299.6 1450.7 -483.0 1806.0 241.0 1196.6 589.7 576.8 625.7 921.9 1337.0
D C 376.0 -300.4 1450.7 -483.0 1804.0 240.8 1195.7 589.2 579.5 628.6 923.0 1338.6
D C 376.1 -300.5 1452.6 -483.6 1804.0 240.8 1197.5 590.1 580.2 629.4 924.7 1341.1
D C 376.3 -300.7 1451.7 -483.3 1800.0 240.2 1196.6 589.7 578.8 627.9 922.4 1337.8
D C 375.1 -299.7 1453.6 -483.9 1801.0 240.4 1195.7 589.2 575.5 624.2 923.6 1339.5
D C 375.1 -299.7 1448.8 -482.4 1803.0 240.6 1196.6 589.7 576.1 625.0 922.4 1337.8
D C 374.5 -299.3 1451.7 -483.3 1798.1 240.0 1198.4 590.6 578.2 627.2 923.0 1338.6
D C 374.9 -299.6 1451.7 -483.3 1799.0 240.1 1199.3 591.0 578.8 627.9 923.0 1338.6
D C 375.1 -299.8 1450.7 -483.0 1802.0 240.5 1048.6 516.7 578.2 627.2 923.6 1339.5
D C 375.6 -300.2 1452.6 -483.6 1801.0 240.4 1196.6 589.7 578.2 627.2 923.0 1338.6
D C 374.1 -299.0 1451.7 -483.3 1801.0 240.4 1198.4 590.6 578.2 627.2 924.1 1340.3
D C 374.7 -299.4 1450.7 -483.0 1805.0 240.9 1198.4 590.6 577.5 626.4 922.4 1337.8
D C 375.0 -299.7 1456.4 -484.9 1803.0 240.6 1197.5 590.1 520.5 564.7 923.0 1338.6
D C 375.3 -299.9 1449.8 -482.7 1803.0 240.6 1047.7 516.3 577.5 626.4 922.4 1337.8
D C 361.1 -297.8 1429.8 -476.0 1784.7 249.3 1150.0 575.5 554.6 624.2 900.4 1340.7
D C 320.4 -297.2 1397.4 -484.4 1747.5 233.2 1116.2 575.9 522.3 625.6 874.0 1336.6
D C 284.3 -290.9 1352.0 -477.9 1705.4 238.3 1066.7 575.4 480.6 620.7
D C 262.4 -283.8 1308.6 -471.6 1686.6 235.6 1049.1 565.9 466.3 617.8
D C 218.9 -283.7 1266.3 -465.2 1633.2 248.6 995.8 569.2 408.3 624.4
D C 190.1 -285.9 1233.4 -461.7 1602.5 244.0 966.4 568.2 377.3 626.1
D C 155.6 -278.2 1203.4 -467.4 1566.9 238.6 933.6 572.3 344.3 631.2
D C 125.5 -277.9 1167.0 -461.6 1531.9 242.8 888.2 574.9 305.1 631.1
D C 113.3 -282.6 1149.3 -462.7 1507.7 248.5 870.2 578.6 288.2 635.7
D C 67.2 -278.1 1097.4 -457.6 1455.8 249.1 818.1 573.3 265.0 708.0
D C 1059.6 -457.1 1430.2 244.8 787.5 566.4 275.1 793.7
D C 1029.7 -455.5 1384.8 254.5 741.9 569.0 265.1 886.2
D C 991.1 -456.7 1348.4 247.8 707.5 570.7 491.4 1337.6 125.3 642.9
D C -48.5 -285.8 952.7 -446.2 1318.4 250.7 672.7 570.4 455.2 1339.8 92.8 642.3
D C -81.7 -292.6 922.9 -446.1 1277.6 251.0 642.1 572.1 427.1 1337.5 56.7 640.5
D C 873.6 -449.0 1224.5 256.3 586.8 569.9 374.1 1339.7 1.5 639.0
D C 860.7 -449.1 1202.3 259.3 570.6 574.9 357.6 1344.2 -18.1 637.7
D C 828.2 -451.7 1169.1 252.2 537.7 569.1 331.6 1345.7 -49.7 640.1
D C 766.3 -439.6 1114.3 254.7 481.0 568.9 279.4 1345.3 -104.6 634.4
D C 749.1 -442.0 1099.6 251.3 468.2 567.9 261.4 1340.8 -121.2 637.6
D C 705.4 -442.9 1050.8 253.8 417.8 567.9 211.5 1347.5 -166.2 636.7
D C 684.3 -435.6 1034.7 256.6 398.6 570.6 194.3 1345.0 -184.3 641.0
D C 653.0 -435.6 995.0 266.3 364.1 572.0 161.1 1348.4
D C 618.5 -434.9 964.4 264.5 333.7 569.5 127.9 1352.0
D C 584.2 -435.4 931.0 261.5 299.3 573.6 95.2 1361.7
D C 535.1 -427.6 883.2 271.6 248.8 576.6 36.5 1357.5
D C 520.3 -431.7 866.0 266.3 236.6 577.4 27.7 1336.7
D C 491.6 -428.7 835.0 268.0 199.4 575.4 -5.2 1361.0
D C 453.8 -428.7 803.2 268.8 169.3 578.7 -38.3 1349.5
D C 423.9 -428.5 765.2 271.8 135.3 579.4 -72.4 1367.1
D C 407.1 -429.5 750.3 271.7 120.6 580.6 -89.2 1367.1
D C 360.7 -430.7 699.8 278.0 69.7 583.8 -140.7 1374.8
D C 330.7 -433.9 667.7 274.8 37.0 580.8 -175.5 1379.9
D C 298.4 -431.4 639.7 281.8 5.0 589.0 -201.2 1378.4
D C 266.4 -437.7 607.2 280.9 -27.7 592.4
D C 219.1 -434.5 559.0 284.0 -75.7 595.2
D C 205.8 -434.3 545.7 285.8 -95.4 601.5
D C 160.1 -437.9 495.7 291.4 -141.6 602.6
D C 146.5 -437.9 475.6 295.6 -159.2 609.6
D C 113.0 -438.2 443.0 294.5
D C 66.8 -438.5 392.2 297.0
D C 49.5 -443.3 372.8 300.7
D C 1.7 -439.7 323.4 302.7
D C -14.7 -444.3 303.3 301.9
D C -43.4 -443.7 270.3 304.3
D C -92.9 -447.0 214.2 306.6
D C -109.2 -449.1 196.8 305.0
D C -155.3 -452.4 144.6 308.8
D C -175.2 -451.2 134.2 305.9
D C 117.2 288.7
D C 92.3 271.6 -516.9 1544.8
D C 83.3 266.5 -486.6 1548.3
D C 57.9 248.0 -384.1 1590.3
D C 47.5 243.7 -356.0 1602.9
D C 31.2 236.4 -267.5 1623.1
D C 14.1 232.2
D C -2.3 233.0
D C -33.1 242.6
D C
D C 135.0 1641.1
D C 269.8 1621.3
D C 326.7 1597.5
D C 512.2 1522.9 -68.8 963.5
D C 566.9 1500.3 -39.0 958.2
D C 741.6 1389.9 60.9 955.1 -62.8 1543.7
D C 846.3 1303.1 123.2 933.9
D C 892.8 1253.2 152.1 931.7
D C 1018.4 1104.7 243.0 891.5
D C 1063.2 1051.8 273.0 873.3
D C 1148.7 881.0 350.7 826.7
D C 1201.8 767.5 396.6 783.3
D C 1213.8 698.7 419.8 758.6
D C 1259.3 500.2 475.9 681.2
D C 1276.4 444.6 495.2 656.1
D C 1282.3 231.6 540.5 565.1
D C 1247.4 96.8 562.2 500.9
D C 1236.0 35.1 565.6 467.8 626.0 1611.7
D C 1179.3 -86.1 572.1 422.2 181.4 1694.3
D C 1161.8 -113.5 561.7 409.3 201.2 1684.0
D C 1102.3 -155.8 584.3 425.8 190.7 1684.2
D C 1084.3 -160.0 584.1 431.1 180.6 1687.4
D C 1036.8 -159.5 572.1 461.5 118.4 1693.9
D C 1005.7 -164.2 577.3 483.5 638.4 1505.2 -328.8 1170.7
D C 989.6 -164.7 566.0 492.0 77.0 1700.3
D C 938.9 -165.2 890.5 674.3 343.1 381.4 14.4 1702.9
D C 905.6 -165.0 855.2 672.6 311.3 382.3
D C 867.7 -166.4 820.9 670.6 275.0 383.6
D C 835.0 -170.8 788.6 668.7 243.0 387.0
D C 815.6 -174.6 775.4 665.7 229.5 391.7
D C 774.0 -175.7 724.7 670.1 174.8 391.8
D C 754.8 -176.2 702.8 674.3 154.8 391.5
D C 707.2 -178.9 656.0 677.4 106.5 390.7
D C 678.7 -178.3 617.5 669.8 71.7 393.5
D C 659.3 -181.9 601.9 669.2 54.3 393.3
D C 612.4 -183.2 557.6 667.8 18.5 559.7
D C 579.5 -181.1 518.5 669.7 -16.7 750.8
D C 549.6 -183.0 485.4 668.3 -68.9 888.3
D C 504.1 -219.3 494.7 638.9 -59.8 1012.2
D C 475.0 -240.5 498.1 627.3 -56.1 1059.5
D C 389.5 -309.3 534.8 545.6 427.3 1397.1 -70.9 399.8
D C 295.5 -366.3 565.9 456.4 587.8 1317.8 -61.7 405.3
D C 260.5 -389.3 569.5 425.7 626.2 1275.6 -56.7 406.1
D C 189.1 -411.9 580.4 365.7 -49.5 409.0
D C 120.2 -433.2 581.1 304.3 815.2 1137.0 -42.0 410.9
D C 43.3 -450.2 580.2 242.9 886.3 1035.5 -34.4 410.6
D C 5.9 -454.4 578.3 209.4 399.6 1335.5
D C -108.9 -459.9 555.2 119.8 1005.1 841.7 211.4 1463.8 -19.1 407.6
D C -183.5 -451.9 531.2 54.4 1078.1 726.4 344.4 1435.3 -6.4 399.9 -322.8 1005.5
D C 506.2 -22.9 1121.5 569.9 502.8 1368.6 17.6 389.6 -222.9 1033.2
D C 470.3 -88.7 1173.4 424.9 644.3 1292.3 38.2 379.1
D C 399.8 -185.8 835.6 1135.7 65.4 359.1
D C 370.9 -212.7 1172.3 105.5 889.4 1078.6 75.2 351.0
D C 304.6 -265.6 1157.5 -59.6 1003.1 950.6 88.2 331.5
D C 234.8 -306.1 1109.4 -209.2 1084.5 810.7 99.5 311.5
D C 161.8 -338.7 1026.4 -348.7 1149.5 657.0 109.4 292.2
D C 126.9 -353.7 989.7 -419.8 1168.8 576.0 113.5 282.0
D C 19.1 -382.1 868.6 -598.9 1225.4 352.3 141.9 289.0
D C -53.5 -386.8 781.0 -685.3 1213.8 238.5 173.0 341.7
D C -110.6 -387.0 705.5 -708.7 1180.1 194.5 584.7 718.0 76.1 238.2
D C 642.9 -735.0 1142.8 145.4 575.7 698.2 47.6 236.3
D C 589.0 -739.5 1094.2 139.2 529.0 700.8 -3.8 238.0
D C 573.0 -737.7 1067.5 142.5 512.6 696.7 -21.6 240.0
D C 544.0 -741.8 1033.0 144.3 472.2 703.2
D C 506.8 -737.4 997.3 139.3 444.6 698.5
D C 476.8 -736.7 965.8 141.0 407.7 705.7
D C 439.5 -727.0 926.3 141.0 385.5 706.7
D C 408.4 -730.1 892.9 141.5 343.4 710.4
D C 365.7 -736.3 843.8 149.7 293.5 716.2
D C 349.3 -737.1 824.1 146.2 281.7 712.3
D C 313.7 -736.5 787.8 144.8 247.9 715.3
D C 263.6 -735.0 735.9 144.6 195.2 715.9
D C 249.1 -736.9 718.4 145.7 176.8 717.5
D C 200.2 -738.9 665.7 143.6 126.8 720.9
D C 856.7 -516.2 113.7 724.1
D C 152.0 -737.4 616.2 144.8 81.9 723.4
D C 789.6 -512.8 33.2 733.2
D C 92.4 -744.7 551.6 147.6 10.7 734.9
D C -22.3 -746.5 518.0 85.4 55.4 727.9
D C -75.7 -751.0 504.7 48.5 91.0 724.3
D C -210.1 -734.9 485.6 -37.0 176.1 696.1
D C -336.3 -701.2 453.1 -108.7 253.7 665.3
D C 408.0 -185.0 333.3 611.0
D C 315.5 -283.8 432.6 511.7
D C 281.4 -312.0 457.0 472.0
D C 203.3 -358.3 500.7 388.9 -141.1 674.4
D C 124.2 -390.9 535.7 306.2 -57.3 683.6
D C 43.7 -414.4 551.1 218.9 14.2 683.9
D C -85.4 -424.0 550.7 76.9 136.1 655.0
D C -124.9 -422.3 542.8 35.4 170.2 639.7 -299.4 1017.9
D C 505.2 -87.3 270.8 587.6 -107.8 1053.5
D C 484.3 -138.5 308.4 557.3 -36.2 1050.4
D C 434.2 -211.5 377.0 525.8 85.5 1039.5
D C 352.6 -296.2 461.7 482.7 209.9 1010.4
D C 329.4 -294.4 487.8 522.7 195.7 1004.1
D C 247.2 -318.3 1022.6 845.8 327.8 373.6 212.1 990.5
D C 219.4 -321.4 1010.2 835.6 336.8 393.5 199.1 989.2
D C 183.5 -318.7 982.4 833.0 305.5 394.6 167.7 988.9
D C 131.5 -314.1 936.2 834.2 251.8 395.7 118.5 991.9
D C 115.7 -313.6 920.8 841.0 238.9 396.6 106.0 990.3
D C 66.2 -321.4 868.8 833.5 187.8 394.6 51.3 996.7
D C 32.1 -323.9 828.4 834.7 143.6 376.5 20.5 990.8
D C 18.1 -323.5 813.4 829.8 135.1 397.7 2.3 990.0
D C -35.7 -333.2 764.6 829.4 82.0 394.6 -52.6 992.6
D C -51.1 -332.1 744.3 827.5 69.5 394.9 -64.8 992.9
D C -118.0 -337.0 748.6 782.6 41.6 388.8
D C 760.8 729.9 33.7 380.5
D C 772.9 671.9 26.0 372.1
D C 780.1 621.4 16.7 368.6
D C 780.3 594.6 9.9 368.9
D C 791.3 515.6 3.5 409.0
D C 787.0 482.4 6.6 450.0
D C 779.5 396.1 160.7 947.5 -21.4 362.4
D C 778.2 342.8 193.2 930.1 -30.5 363.7
D C 776.9 292.2 231.5 915.2 -23.7 363.2
D C 773.9 171.9 318.6 867.3 -19.2 362.5
D C 754.3 96.0 362.1 839.2 -18.9 356.5
D C 732.5 23.0 408.7 795.1 -16.5 351.6
D C 700.7 -53.3 444.4 747.9 -16.2 346.6
D C 686.7 -84.2 462.3 726.3 -16.2 345.6
D C 620.9 -194.1 522.2 641.3 -10.0 448.9
D C 575.6 -261.0 551.3 590.7 283.4 1407.8 -13.5 331.7
D C 523.1 -289.5 536.4 560.8 -12.6 781.9
D C 469.7 -321.7 533.0 530.5 -58.2 327.9
D C 445.4 -334.0 525.9 523.5 352.6 1359.0
D C 387.5 -337.9 477.2 517.6
D C 370.5 -337.4 459.0 523.2 292.3 1365.1
D C 317.9 -337.5 404.7 522.6 238.9 1358.1
D C 284.7 -342.0 375.8 524.2
D C 267.8 -340.5 359.5 528.3 197.1 1364.8
D C 211.5 -335.7 308.6 534.3
D C 163.1 -338.9 258.2 542.7
D C 144.5 -339.2 239.0 544.9
D C 109.6 -344.9 221.8 541.3 97.0 1386.6
D C 50.3 -360.1 221.8 522.9 160.6 1344.4
D C -4.3 -372.2 218.3 505.9 212.3 1352.4
D C -91.5 -371.4 209.3 477.1 299.7 1320.4
D C -119.0 -372.7 206.5 470.7
D C 202.7 458.1
D C 192.9 443.4 -431.4 1263.4
D C 205.4 418.4 -324.5 1343.4
D C 208.6 405.9 -291.5 1392.8
D C 211.6 371.5 -142.7 1703.0
D C 215.8 341.3
D C 261.1 404.7 87.7 1703.7
D C 167.8 316.9 92.4 1320.8
D C 781.8 869.3 154.2 314.2 151.0 1707.3
D C 759.9 860.7 100.7 315.3 128.6 1690.1
D C 784.9 800.7 83.6 306.8
D C 813.0 738.0 67.7 298.4
D C 803.3 672.7 46.4 295.4
D C 811.5 646.4 31.3 292.3 -374.0 1469.2
D C 820.0 567.2 499.8 1565.1 2.4 287.0
D C 539.5 1364.1 -29.5 288.5
D C 821.3 456.1 628.7 1482.2
D C 816.8 393.2 693.7 1435.1
D C 804.9 337.0 745.2 1386.4
D C 786.8 279.5 801.0 1329.3 50.6 1534.2
D C 766.9 207.8 877.3 1255.9 134.7 1523.1
D C 763.3 186.8 887.5 1237.7 153.0 1517.3 -135.8 891.7
D C 729.3 131.7 935.0 1162.7 226.8 1505.0 -107.9 891.5
D C 710.6 79.3 981.6 1105.0 289.3 1484.1 -80.6 895.4
D C 674.7 35.7 1009.4 1029.7 352.3 1468.3 -63.6 890.7
D C 631.5 -28.6 1052.0 937.4 435.8 1424.8 -30.8 892.5
D C 613.6 -56.2 1071.1 885.9 477.7 1406.1 -8.8 886.0
D C 577.2 -94.2 1081.9 819.2 525.9 1379.1 7.5 889.0
D C 529.0 -132.1 1099.7 740.9 586.2 1336.1 40.0 884.1
D C 490.6 -163.3 1117.6 675.7 638.1 1299.8 61.4 877.9
D C 430.3 -209.6 1108.2 589.0 669.4 1245.5 66.1 868.5
D C 409.1 -204.0 1078.9 590.6 650.9 1247.4 44.5 865.9
D C 384.6 -206.7 1070.7 603.3 616.5 1255.8 12.6 865.9
D C 1000.4 596.5 560.5 1256.7 -40.7 870.0
D C 314.8 -200.4 979.8 592.4 543.1 1258.8 -56.7 868.2
D C 265.8 -199.4 925.4 591.0 496.5 1255.4 -106.2 877.6
D C 902.6 596.1 481.4 1262.3 -122.2 874.5
D C 850.9 592.4 418.5 1257.2 -172.8 879.2
D C 816.1 590.8 392.6 1256.1 -201.9 883.2
D C 822.2 561.3 422.1 1242.3 -180.5 889.9
D C 724.0 -283.8 485.9 1206.9 -154.5 902.9
D C 657.9 -351.0 520.3 1185.9 -133.6 915.3
D C 554.8 -443.4 584.7 1120.6 -88.5 920.8
D C 519.0 -472.6 612.9 1091.7 -71.6 922.2
D C 788.1 269.1 648.7 1047.4 -43.2 922.0
D C 745.6 264.8 598.8 1051.4 -89.6 931.7
D C 725.5 262.7 589.9 1050.7 -106.8 930.9
D C 670.6 268.7 538.4 1063.5 -159.9 934.4
D C 655.4 267.3 521.8 1062.8 -177.5 933.3
D C 615.8 269.0 484.0 1067.4 -213.2 932.9
D C 568.5 271.5 428.4 1064.0 -264.2 940.6
D C 554.1 271.0 414.6 1067.3 -278.5 946.9
D C 504.5 274.2 361.3 1063.3
D C 473.8 272.7 325.8 1065.3
D C 450.5 272.3 312.2 1067.3
D C 404.3 277.8 255.2 1063.8
D C 385.4 279.0 236.3 1071.3
D C 339.6 279.1 188.1 1069.6
D C 322.2 280.1 168.0 1069.9
D C 285.4 282.4 135.1 1074.5
D C 245.9 280.3 101.5 1072.2
D C 248.5 281.4 101.6 1073.2
D C 249.6 282.7 101.6 1073.2
D C 248.9 281.9 101.2 1069.2
D C 248.3 281.2 101.7 1074.2
D C 248.2 281.2 101.7 1074.2
D C 248.9 281.9 101.7 1074.2
